4294967279,93
4294967279,92
4294967279,91
4294967279,104
4294967279,103
4294967279,101
4294967279,100
4294967279,99
4294967279,98
4294967279,97
4294967279,96
4294967279,95
4294967279,94
4294967279,228
4294967278,226
4294967279,224
4294967279,223
4294967279,226
4294967278,224
4294967278,222
4294967279,221
4294967294,388
4294967294,387
4294967279,219
4294967278,217
4294967279,217
4294967278,215
4294967278,320
4294967278,214
4294967279,387
4294967279,102
4294967278,319
4294967279,386
4294967279,385
4294967278,318
4294967278,317
4294967278,209
4294967278,208
4294967278,316
4294967278,207
4294967279,108
4294967279,107
4294967279,106
4294967279,105
4294967279,384
4294967278,315
4294967279,136
4294967279,133
4294967278,314
4294967278,313
4294967278,202
4294967278,201
4294967278,312
4294967278,200
4294967279,116
4294967279,115
4294967279,114
4294967279,113
4294967279,112
4294967279,111
4294967279,110
4294967279,109
4294967279,319
4294967278,311
4294967279,318
4294967279,317
4294967278,197
4294967278,4
4294967279,132
4294967279,131
4294967279,130
4294967279,129
4294967279,128
4294967279,127
4294967279,126
4294967279,125
4294967279,124
4294967279,123
4294967279,122
4294967279,121
4294967279,120
4294967279,119
4294967279,118
4294967279,117
4294967278,196
4294967279,316
2,21
4294967278,195
4294967278,194
4294967278,309
2,20
2,14
4294967278,192
4294967278,191
4294967278,190
4294967278,189
4294967278,188
4294967278,187
2,19
4294967278,288
4294967278,29
4294967278,28
4294967278,27
4294967278,26
4294967278,25
4294967278,24
4294967278,23
4294967278,22
4294967278,21
4294967278,20
4294967278,19
4294967278,18
4294967278,17
4294967278,16
4294967278,15
4294967278,14
4294967278,13
4294967278,12
4294967278,11
4294967278,10
4294967278,9
4294967278,8
4294967278,7
4294967278,6
4294967278,5
4294967278,0
4294967278,185
2,18
4294967278,184
4294967278,183
4294967278,182
4294967278,181
4294967278,180
4294967278,179
4294967278,178
4294967278,177
4294967278,176
4294967278,175
4294967278,173
4294967278,172
2,17
2,16
4294967278,171
4294967278,170
4294967278,169
4294967278,168
2,15
4294967278,167
2,13
2,5
4294967278,166
4294967278,165
4294967278,164
4294967278,163
4294967278,162
4294967278,161
4294967278,160
4294967278,159
4294967278,158
4294967278,157
4294967278,156
4294967278,155
4294967278,154
4294967279,154
4294967278,153
4294967279,153
4294967278,152
4294967279,152
4294967278,151
4294967279,151
4294967278,150
2,12
2,11
2,10
2,9
2,8
4294967279,150
4294967278,149
2,7
2,6
2,2
4294967279,149
4294967278,148
4294967279,148
4294967278,147
4294967279,147
4294967278,146
4294967279,146
4294967278,145
4294967279,145
4294967278,144
4294967279,304
4294967278,143
4294967279,303
4294967278,297
4294967278,39
4294967278,38
4294967278,37
4294967278,36
4294967278,35
4294967278,34
4294967278,33
4294967278,32
4294967278,31
4294967278,30
4294967279,40
4294967279,39
4294967279,38
4294967279,36
4294967279,34
4294967279,33
4294967279,26
4294967279,25
4294967279,19
4294967279,18
4294967279,16
4294967279,15
4294967279,12
4294967279,11
4294967294,163
4294967279,30
4294967279,301
4294967279,28
4294967294,392
4294967294,46
4294967294,389
4294967294,115
4294967279,298
4294967279,140
4294967279,300
4294967279,139
4294967279,276
4294967279,137
4294967279,297
4294967294,186
4294967294,390
4294967294,972
4294967294,128
4294967294,1020
4294967279,275
4294967294,50
4294967279,290
4294967279,315
4294967279,260
4294967279,0
4294967279,21
4294967279,22
4294967279,134
4294967279,273
4294967294,22
4294967294,17
4294967294,99
4294967294,76
4294967294,41
4294967294,7
4294967279,272
4294967294,6
4294967294,94
4294967294,96
4294967279,271
4294967294,9
4294967279,270
4294967294,8
0,7
4294967294,436
4294967294,45
4294967294,428
4294967294,44
4294967294,424
4294967294,43
4294967294,53
4294967294,52
4294967294,415
4294967294,51
4294967294,1420
